datasets/rivm/o3/rwc_o3_BBR2020_1802.asc
NCOLS          280
NROWS          320
XLLCORNER            0
YLLCORNER       300000
CELLSIZE         1000
NODATA_VALUE  -0.9990E+03
[rows 216 to 239 of 320, columns 55 to 109 of 280]
0.0000E+00 0.0000E+00 0.0000E+00 0.0000E+00 0.0000E+00 0.0000E+00 0.0000E+00 0.0000E+00 0.0000E+00 0.0000E+00 0.0000E+00 0.0000E+00 0.0000E+00 0.0000E+00 0.0000E+00 0.0000E+00 0.0000E+00 0.0000E+00 0.0000E+00 0.0000E+00 0.0000E+00 0.0000E+00 0.0000E+00 -0.1000E-02 -0.7000E-02 -0.2100E-01 -0.4900E-01 -0.1260E+00 -0.5410E+00 -0.1480E+00 -0.1030E+00 -0.5400E-01 -0.3100E-01 -0.2500E-01 -0.2200E-01 -0.7100E-01 -0.1430E+00 -0.3010E+00 -0.1095E+01 -0.1205E+01 -0.4440E+00 -0.2680E+00 -0.1410E+00 -0.8100E-01 -0.3900E-01 -0.1700E-01 -0.1000E-02 0.0000E+00 -0.1900E-01 -0.1240E+00 -0.2410E+00 -0.4030E+00 -0.7180E+00 -0.2216E+01 -0.3090E+00
0.0000E+00 0.0000E+00 0.0000E+00 0.0000E+00 0.0000E+00 0.0000E+00 0.0000E+00 0.0000E+00 0.0000E+00 0.0000E+00 0.0000E+00 0.0000E+00 0.0000E+00 0.0000E+00 0.0000E+00 0.0000E+00 0.0000E+00 0.0000E+00 0.0000E+00 0.0000E+00 0.0000E+00 0.0000E+00 0.0000E+00 -0.3000E-02 -0.1100E-01 -0.3100E-01 -0.7300E-01 -0.3550E+00 -0.3280E+00 -0.8400E-01 -0.5000E-01 -0.2800E-01 -0.1300E-01 -0.6000E-02 -0.1700E-01 -0.7600E-01 -0.1550E+00 -0.3760E+00 -0.1643E+01 -0.3340E+00 -0.2480E+00 -0.1630E+00 -0.7600E-01 -0.4100E-01 -0.1700E-01 -0.2000E-02 0.0000E+00 0.0000E+00 0.0000E+00 -0.5800E-01 -0.1550E+00 -0.2490E+00 -0.4270E+00 -0.1696E+01 -0.3520E+00
0.0000E+00 0.0000E+00 0.0000E+00 0.0000E+00 0.0000E+00 0.0000E+00 0.0000E+00 0.0000E+00 0.0000E+00 0.0000E+00 0.0000E+00 0.0000E+00 0.0000E+00 0.0000E+00 0.0000E+00 0.0000E+00 0.0000E+00 0.0000E+00 0.0000E+00 0.0000E+00 0.0000E+00 0.0000E+00 -0.2000E-02 -0.6000E-02 -0.1700E-01 -0.3900E-01 -0.9200E-01 -0.4820E+00 -0.9700E-01 -0.4900E-01 -0.3000E-01 -0.1600E-01 -0.7000E-02 -0.1100E-01 -0.3300E-01 -0.9700E-01 -0.1950E+00 -0.4140E+00 -0.1686E+01 -0.3670E+00 -0.1540E+00 -0.8600E-01 -0.2500E-01 -0.1100E-01 0.0000E+00 0.0000E+00 -0.1000E-02 -0.1500E-01 -0.3600E-01 -0.8600E-01 -0.1910E+00 -0.2860E+00 -0.3360E+00 -0.1444E+01 -0.6600E+00
0.0000E+00 0.0000E+00 0.0000E+00 0.0000E+00 0.0000E+00 0.0000E+00 0.0000E+00 0.0000E+00 0.0000E+00 0.0000E+00 0.0000E+00 0.0000E+00 0.0000E+00 0.0000E+00 0.0000E+00 0.0000E+00 0.0000E+00 0.0000E+00 0.0000E+00 0.0000E+00 0.0000E+00 -0.3000E-02 -0.5000E-02 -0.1200E-01 -0.2300E-01 -0.3900E-01 -0.2900E+00 -0.1420E+00 -0.5200E-01 -0.2600E-01 -0.1300E-01 -0.5000E-02 -0.5000E-02 -0.2200E-01 -0.6000E-01 -0.7300E-01 -0.2680E+00 -0.8940E+00 -0.1215E+01 -0.1960E+00 -0.5600E-01 -0.3000E-01 -0.1400E-01 -0.1700E-01 -0.2000E-01 -0.2200E-01 -0.3100E-01 -0.4800E-01 -0.5100E-01 -0.6700E-01 -0.2350E+00 -0.3690E+00 -0.3840E+00 -0.8850E+00 -0.1894E+01
0.0000E+00 0.0000E+00 0.0000E+00 0.0000E+00 0.0000E+00 0.0000E+00 0.0000E+00 0.0000E+00 0.0000E+00 0.0000E+00 0.0000E+00 0.0000E+00 0.0000E+00 0.0000E+00 0.0000E+00 0.0000E+00 0.0000E+00 0.0000E+00 0.0000E+00 0.0000E+00 0.0000E+00 -0.3000E-02 -0.9000E-02 -0.1700E-01 -0.4300E-01 -0.6300E-01 -0.3920E+00 -0.6800E-01 -0.2800E-01 -0.1600E-01 -0.8000E-02 -0.5000E-02 -0.1500E-01 -0.4000E-01 -0.9800E-01 -0.1200E+00 -0.4060E+00 -0.1715E+01 -0.3740E+00 -0.1630E+00 -0.6800E-01 -0.7800E-01 -0.7600E-01 -0.6900E-01 -0.7200E-01 -0.1140E+00 -0.1150E+00 -0.1030E+00 -0.9500E-01 -0.1470E+00 -0.4600E+00 -0.5150E+00 -0.5090E+00 -0.1768E+01 -0.1672E+01
0.0000E+00 0.0000E+00 0.0000E+00 0.0000E+00 0.0000E+00 0.0000E+00 0.0000E+00 0.0000E+00 0.0000E+00 0.0000E+00 0.0000E+00 0.0000E+00 0.0000E+00 0.0000E+00 0.0000E+00 0.0000E+00 0.0000E+00 0.0000E+00 0.0000E+00 0.0000E+00 -0.1000E-02 -0.6000E-02 -0.1400E-01 -0.3200E-01 -0.1040E+00 -0.4410E+00 -0.8300E-01 -0.3700E-01 -0.1700E-01 -0.9000E-02 -0.3000E-02 -0.1000E-01 -0.2300E-01 -0.6900E-01 -0.1590E+00 -0.3730E+00 -0.1467E+01 -0.8440E+00 -0.2780E+00 -0.1750E+00 -0.1480E+00 -0.1420E+00 -0.1310E+00 -0.1720E+00 -0.1710E+00 -0.1750E+00 -0.1170E+00 -0.1120E+00 -0.1530E+00 -0.5780E+00 -0.2005E+01 -0.2087E+01 -0.2099E+01 -0.1454E+01 -0.2093E+01
0.0000E+00 0.0000E+00 0.0000E+00 0.0000E+00 0.0000E+00 0.0000E+00 0.0000E+00 0.0000E+00 0.0000E+00 0.0000E+00 0.0000E+00 0.0000E+00 0.0000E+00 0.0000E+00 0.0000E+00 0.0000E+00 0.0000E+00 0.0000E+00 0.0000E+00 0.0000E+00 -0.1000E-02 -0.1200E-01 -0.2500E-01 -0.6100E-01 -0.4180E+00 -0.9800E-01 -0.5000E-01 -0.2500E-01 -0.9000E-02 -0.3000E-02 -0.6000E-02 -0.2400E-01 -0.5100E-01 -0.1190E+00 -0.2900E+00 -0.1147E+01 -0.1031E+01 -0.3330E+00 -0.2220E+00 -0.1840E+00 -0.2100E+00 -0.1770E+00 -0.2400E+00 -0.4060E+00 -0.1036E+01 -0.3120E+00 -0.2010E+00 -0.2190E+00 -0.2990E+00 -0.1651E+01 -0.5960E+00 -0.5930E+00 -0.6210E+00 -0.7890E+00 -0.2615E+01
0.0000E+00 0.0000E+00 0.0000E+00 0.0000E+00 0.0000E+00 0.0000E+00 0.0000E+00 0.0000E+00 0.0000E+00 0.0000E+00 0.0000E+00 0.0000E+00 0.0000E+00 0.0000E+00 0.0000E+00 0.0000E+00 0.0000E+00 0.0000E+00 0.0000E+00 0.0000E+00 -0.1000E-02 -0.1500E-01 -0.2900E-01 -0.7600E-01 -0.1870E+00 -0.7200E-01 -0.4700E-01 -0.3000E-01 -0.1000E-01 -0.1000E-02 -0.1900E-01 -0.5100E-01 -0.1030E+00 -0.2240E+00 -0.8180E+00 -0.1137E+01 -0.2500E+00 -0.2540E+00 -0.2790E+00 -0.2510E+00 -0.4010E+00 -0.1144E+01 -0.1554E+01 -0.1494E+01 -0.4770E+00 -0.9170E+00 -0.1232E+01 -0.1304E+01 -0.1772E+01 -0.8530E+00 -0.3310E+00 -0.3250E+00 -0.4310E+00 -0.6720E+00 -0.2187E+01
0.0000E+00 0.0000E+00 0.0000E+00 0.0000E+00 0.0000E+00 0.0000E+00 0.0000E+00 0.0000E+00 0.0000E+00 0.0000E+00 0.0000E+00 0.0000E+00 0.0000E+00 0.0000E+00 0.0000E+00 0.0000E+00 0.0000E+00 0.0000E+00 0.0000E+00 0.0000E+00 -0.2000E-02 -0.1700E-01 -0.4500E-01 -0.2210E+00 -0.2350E+00 -0.9900E-01 -0.5400E-01 -0.3300E-01 -0.1300E-01 -0.1000E-01 -0.4300E-01 -0.9300E-01 -0.1820E+00 -0.3950E+00 -0.1461E+01 -0.3240E+00 -0.2010E+00 -0.3530E+00 -0.1053E+01 -0.1408E+01 -0.1470E+01 -0.4750E+00 -0.3570E+00 -0.2900E+00 -0.1300E+00 -0.1990E+00 -0.2720E+00 -0.3120E+00 -0.3220E+00 -0.2560E+00 -0.1700E+00 -0.2030E+00 -0.2560E+00 -0.4820E+00 -0.8640E+00
0.0000E+00 0.0000E+00 0.0000E+00 0.0000E+00 0.0000E+00 0.0000E+00 0.0000E+00 0.0000E+00 0.0000E+00 0.0000E+00 0.0000E+00 0.0000E+00 0.0000E+00 0.0000E+00 0.0000E+00 0.0000E+00 0.0000E+00 0.0000E+00 0.0000E+00 0.0000E+00 -0.1000E-02 -0.1800E-01 -0.2800E-01 -0.5800E-01 -0.6580E+00 -0.1830E+00 -0.1180E+00 -0.1060E+00 -0.1140E+00 -0.1390E+00 -0.1910E+00 -0.2570E+00 -0.3910E+00 -0.1347E+01 -0.7770E+00 -0.2570E+00 -0.2980E+00 -0.1008E+01 -0.2410E+00 -0.3020E+00 -0.2810E+00 -0.1980E+00 -0.9400E-01 -0.1070E+00 -0.7700E-01 -0.8100E-01 -0.1340E+00 -0.1280E+00 -0.1160E+00 -0.8700E-01 -0.5900E-01 -0.8200E-01 -0.2620E+00 -0.3910E+00 -0.8640E+00
0.0000E+00 0.0000E+00 0.0000E+00 0.0000E+00 0.0000E+00 0.0000E+00 0.0000E+00 0.0000E+00 0.0000E+00 0.0000E+00 0.0000E+00 0.0000E+00 0.0000E+00 0.0000E+00 0.0000E+00 0.0000E+00 0.0000E+00 0.0000E+00 0.0000E+00 0.0000E+00 -0.2000E-02 -0.1400E-01 -0.2500E-01 -0.5300E-01 -0.1340E+00 -0.6640E+00 -0.2040E+00 -0.1910E+00 -0.2160E+00 -0.2420E+00 -0.1830E+00 -0.3440E+00 -0.6340E+00 -0.2264E+01 -0.1020E+01 -0.9120E+00 -0.9600E+00 -0.1790E+00 -0.1120E+00 -0.1270E+00 -0.9400E-01 -0.8600E-01 -0.5400E-01 -0.5100E-01 -0.6600E-01 -0.7200E-01 -0.6900E-01 -0.5800E-01 -0.5100E-01 -0.4100E-01 -0.2800E-01 -0.3500E-01 -0.2280E+00 -0.4160E+00 -0.9770E+00
0.0000E+00 0.0000E+00 0.0000E+00 0.0000E+00 0.0000E+00 0.0000E+00 0.0000E+00 0.0000E+00 0.0000E+00 0.0000E+00 0.0000E+00 0.0000E+00 0.0000E+00 0.0000E+00 0.0000E+00 0.0000E+00 0.0000E+00 0.0000E+00 0.0000E+00 0.0000E+00 -0.2000E-02 -0.8000E-02 -0.3700E-01 -0.5200E-01 -0.1300E+00 -0.6250E+00 -0.2840E+00 -0.3590E+00 -0.3360E+00 -0.5220E+00 -0.3740E+00 -0.6570E+00 -0.2175E+01 -0.7950E+00 -0.2440E+00 -0.1770E+00 -0.1350E+00 -0.9200E-01 -0.6400E-01 -0.5600E-01 -0.3500E-01 -0.2300E-01 -0.2200E-01 -0.7000E-02 -0.1000E-02 0.0000E+00 0.0000E+00 0.0000E+00 0.0000E+00 0.0000E+00 0.0000E+00 -0.4000E-02 -0.1190E+00 -0.4130E+00 -0.9060E+00
-0.3600E-01 -0.2100E-01 -0.1000E-01 -0.1000E-02 0.0000E+00 0.0000E+00 0.0000E+00 0.0000E+00 0.0000E+00 0.0000E+00 0.0000E+00 0.0000E+00 0.0000E+00 0.0000E+00 0.0000E+00 0.0000E+00 0.0000E+00 0.0000E+00 0.0000E+00 0.0000E+00 0.0000E+00 -0.4000E-02 -0.3400E-01 -0.5600E-01 -0.1210E+00 -0.7340E+00 -0.4400E+00 -0.1473E+01 -0.2206E+01 -0.2215E+01 -0.2328E+01 -0.2379E+01 -0.1885E+01 -0.2700E+00 -0.1540E+00 -0.1120E+00 -0.7000E-01 -0.3700E-01 -0.2300E-01 -0.1400E-01 -0.5000E-02 0.0000E+00 0.0000E+00 0.0000E+00 0.0000E+00 0.0000E+00 0.0000E+00 0.0000E+00 0.0000E+00 0.0000E+00 0.0000E+00 -0.1100E-01 -0.1910E+00 -0.3650E+00 -0.7680E+00
-0.8000E-01 -0.6700E-01 -0.5800E-01 -0.5400E-01 -0.5400E-01 -0.4600E-01 -0.1600E-01 -0.9000E-02 -0.3000E-02 0.0000E+00 0.0000E+00 0.0000E+00 0.0000E+00 0.0000E+00 0.0000E+00 0.0000E+00 0.0000E+00 0.0000E+00 0.0000E+00 0.0000E+00 0.0000E+00 0.0000E+00 -0.3800E-01 -0.6600E-01 -0.1740E+00 -0.1575E+01 -0.1683E+01 -0.1292E+01 -0.6040E+00 -0.5510E+00 -0.5730E+00 -0.4950E+00 -0.3760E+00 -0.2130E+00 -0.1260E+00 -0.7300E-01 -0.3300E-01 -0.1600E-01 -0.1000E-01 -0.5000E-02 0.0000E+00 0.0000E+00 0.0000E+00 0.0000E+00 0.0000E+00 0.0000E+00 0.0000E+00 0.0000E+00 0.0000E+00 0.0000E+00 0.0000E+00 -0.1500E-01 -0.1650E+00 -0.3150E+00 -0.6580E+00
-0.9400E-01 -0.7500E-01 -0.1020E+00 -0.1060E+00 -0.1060E+00 -0.9200E-01 -0.3800E-01 -0.2800E-01 -0.1600E-01 0.0000E+00 0.0000E+00 0.0000E+00 0.0000E+00 0.0000E+00 0.0000E+00 0.0000E+00 0.0000E+00 0.0000E+00 0.0000E+00 0.0000E+00 0.0000E+00 0.0000E+00 -0.5400E-01 -0.7800E-01 -0.1850E+00 -0.1293E+01 -0.4070E+00 -0.3690E+00 -0.3120E+00 -0.2600E+00 -0.2490E+00 -0.2020E+00 -0.1530E+00 -0.1000E+00 -0.5900E-01 -0.2800E-01 -0.2000E-02 0.0000E+00 0.0000E+00 0.0000E+00 0.0000E+00 0.0000E+00 0.0000E+00 0.0000E+00 0.0000E+00 0.0000E+00 0.0000E+00 0.0000E+00 0.0000E+00 0.0000E+00 0.0000E+00 -0.1900E-01 -0.1260E+00 -0.2610E+00 -0.1317E+01
-0.3940E+00 -0.1600E+00 -0.2180E+00 -0.2490E+00 -0.2360E+00 -0.1810E+00 -0.9800E-01 -0.5300E-01 -0.3300E-01 -0.1100E-01 -0.2000E-02 0.0000E+00 0.0000E+00 0.0000E+00 0.0000E+00 0.0000E+00 0.0000E+00 0.0000E+00 0.0000E+00 0.0000E+00 0.0000E+00 0.0000E+00 -0.5600E-01 -0.9200E-01 -0.2030E+00 -0.1391E+01 -0.3280E+00 -0.1890E+00 -0.1580E+00 -0.1180E+00 -0.7700E-01 -0.9700E-01 -0.7300E-01 -0.5000E-01 -0.2600E-01 -0.7000E-02 0.0000E+00 0.0000E+00 0.0000E+00 0.0000E+00 0.0000E+00 0.0000E+00 0.0000E+00 0.0000E+00 0.0000E+00 0.0000E+00 0.0000E+00 0.0000E+00 0.0000E+00 0.0000E+00 0.0000E+00 -0.2100E-01 -0.9100E-01 -0.1650E+00 -0.5100E+00
-0.8830E+00 -0.9880E+00 -0.1080E+01 -0.1236E+01 -0.1127E+01 -0.5310E+00 -0.1670E+00 -0.9600E-01 -0.6400E-01 -0.3500E-01 -0.1800E-01 -0.2000E-02 0.0000E+00 0.0000E+00 0.0000E+00 0.0000E+00 0.0000E+00 0.0000E+00 0.0000E+00 0.0000E+00 0.0000E+00 0.0000E+00 -0.7000E-01 -0.1210E+00 -0.2640E+00 -0.1573E+01 -0.2920E+00 -0.1330E+00 -0.8800E-01 -0.1200E-01 -0.4000E-02 0.0000E+00 0.0000E+00 0.0000E+00 0.0000E+00 0.0000E+00 0.0000E+00 0.0000E+00 -0.9990E+03 -0.9990E+03 -0.9990E+03 0.0000E+00 0.0000E+00 0.0000E+00 0.0000E+00 0.0000E+00 0.0000E+00 0.0000E+00 0.0000E+00 0.0000E+00 0.0000E+00 -0.1800E-01 -0.4700E-01 -0.5400E-01 -0.5900E-01
-0.1760E+00 -0.2260E+00 -0.2540E+00 -0.1970E+00 -0.2730E+00 -0.1163E+01 -0.2480E+00 -0.1550E+00 -0.1090E+00 -0.7100E-01 -0.4300E-01 -0.1800E-01 -0.3000E-02 0.0000E+00 0.0000E+00 0.0000E+00 0.0000E+00 0.0000E+00 0.0000E+00 -0.5000E-02 -0.1600E-01 -0.3400E-01 -0.1170E+00 -0.1720E+00 -0.2970E+00 -0.1463E+01 -0.2870E+00 -0.1140E+00 -0.6100E-01 0.0000E+00 0.0000E+00 0.0000E+00 0.0000E+00 0.0000E+00 0.0000E+00 -0.9990E+03 -0.9990E+03 -0.9990E+03 -0.9990E+03 -0.9990E+03 0.0000E+00 0.0000E+00 0.0000E+00 0.0000E+00 0.0000E+00 0.0000E+00 0.0000E+00 0.0000E+00 0.0000E+00 0.0000E+00 0.0000E+00 -0.1400E-01 -0.2200E-01 -0.1800E-01 -0.9990E+03
-0.9800E-01 -0.1140E+00 -0.1300E+00 -0.9200E-01 -0.1650E+00 -0.1770E+00 -0.1118E+01 -0.4140E+00 -0.2040E+00 -0.1200E+00 -0.8400E-01 -0.4800E-01 -0.3200E-01 -0.2700E-01 -0.3000E-01 -0.4700E-01 -0.6300E-01 -0.7700E-01 -0.8300E-01 -0.7000E-01 -0.9200E-01 -0.1210E+00 -0.2070E+00 -0.2610E+00 -0.3590E+00 -0.1455E+01 -0.2690E+00 -0.1160E+00 -0.6000E-01 0.0000E+00 0.0000E+00 0.0000E+00 0.0000E+00 -0.9990E+03 -0.9990E+03 -0.9990E+03 -0.9990E+03 -0.9990E+03 -0.9990E+03 -0.9990E+03 0.0000E+00 0.0000E+00 0.0000E+00 0.0000E+00 0.0000E+00 0.0000E+00 0.0000E+00 0.0000E+00 0.0000E+00 0.0000E+00 0.0000E+00 -0.3000E-02 -0.3000E-02 -0.9990E+03 -0.9990E+03
-0.4200E-01 -0.5600E-01 -0.7300E-01 -0.8300E-01 -0.1040E+00 -0.1530E+00 -0.2540E+00 -0.1372E+01 -0.4230E+00 -0.1950E+00 -0.1460E+00 -0.1150E+00 -0.1030E+00 -0.1000E+00 -0.1070E+00 -0.1220E+00 -0.1340E+00 -0.1370E+00 -0.1320E+00 -0.1120E+00 -0.1520E+00 -0.2040E+00 -0.3500E+00 -0.4700E+00 -0.6230E+00 -0.1828E+01 -0.2750E+00 -0.9400E-01 -0.4000E-01 0.0000E+00 0.0000E+00 0.0000E+00 -0.9990E+03 -0.9990E+03 -0.9990E+03 -0.9990E+03 -0.9990E+03 -0.9990E+03 -0.9990E+03 -0.9990E+03 0.0000E+00 0.0000E+00 0.0000E+00 0.0000E+00 0.0000E+00 0.0000E+00 0.0000E+00 0.0000E+00 0.0000E+00 0.0000E+00 0.0000E+00 0.0000E+00 -0.9990E+03 -0.9990E+03 -0.9990E+03
0.0000E+00 0.0000E+00 -0.1100E-01 -0.2500E-01 -0.5200E-01 -0.9200E-01 -0.1650E+00 -0.2990E+00 -0.1331E+01 -0.5400E+00 -0.1990E+00 -0.1060E+00 -0.1470E+00 -0.1580E+00 -0.1750E+00 -0.2500E+00 -0.2780E+00 -0.2720E+00 -0.2700E+00 -0.2610E+00 -0.3010E+00 -0.4090E+00 -0.1227E+01 -0.1898E+01 -0.1914E+01 -0.3540E+00 -0.1560E+00 -0.6700E-01 -0.2800E-01 0.0000E+00 0.0000E+00 0.0000E+00 -0.9990E+03 -0.9990E+03 -0.9990E+03 -0.9990E+03 -0.9990E+03 -0.9990E+03 -0.9990E+03 -0.9990E+03 0.0000E+00 0.0000E+00 0.0000E+00 0.0000E+00 0.0000E+00 0.0000E+00 0.0000E+00 0.0000E+00 0.0000E+00 0.0000E+00 0.0000E+00 -0.9990E+03 -0.9990E+03 -0.9990E+03 -0.9990E+03
0.0000E+00 0.0000E+00 0.0000E+00 -0.9000E-02 -0.3100E-01 -0.6000E-01 -0.1020E+00 -0.1680E+00 -0.2420E+00 -0.1068E+01 -0.1134E+01 -0.2070E+00 -0.2470E+00 -0.2670E+00 -0.3650E+00 -0.1280E+01 -0.1229E+01 -0.1161E+01 -0.1185E+01 -0.1117E+01 -0.1215E+01 -0.1344E+01 -0.1769E+01 -0.5990E+00 -0.2950E+00 -0.1340E+00 -0.6400E-01 -0.3300E-01 -0.2000E-01 0.0000E+00 0.0000E+00 0.0000E+00 -0.9990E+03 -0.9990E+03 -0.9990E+03 -0.9990E+03 -0.9990E+03 -0.9990E+03 -0.9990E+03 -0.9990E+03 0.0000E+00 0.0000E+00 0.0000E+00 0.0000E+00 0.0000E+00 0.0000E+00 0.0000E+00 0.0000E+00 0.0000E+00 0.0000E+00 0.0000E+00 -0.9990E+03 -0.9990E+03 -0.9990E+03 -0.9990E+03
0.0000E+00 0.0000E+00 0.0000E+00 0.0000E+00 -0.1600E-01 -0.3500E-01 -0.6300E-01 -0.9700E-01 -0.1300E+00 -0.2380E+00 -0.4750E+00 -0.1257E+01 -0.1286E+01 -0.1310E+01 -0.1283E+01 -0.2630E+00 -0.1870E+00 -0.2790E+00 -0.2740E+00 -0.2890E+00 -0.3330E+00 -0.4360E+00 -0.1281E+01 -0.4520E+00 -0.2760E+00 -0.1430E+00 -0.5500E-01 -0.3200E-01 -0.9000E-02 0.0000E+00 0.0000E+00 -0.9990E+03 -0.9990E+03 -0.9990E+03 -0.9990E+03 -0.9990E+03 -0.9990E+03 -0.9990E+03 -0.9990E+03 -0.9990E+03 0.0000E+00 0.0000E+00 -0.9990E+03 -0.9990E+03 -0.9990E+03 -0.9990E+03 -0.9990E+03 0.0000E+00 0.0000E+00 -0.9990E+03 -0.9990E+03 -0.9990E+03 -0.9990E+03 -0.9990E+03 -0.9990E+03
0.0000E+00 0.0000E+00 0.0000E+00 0.0000E+00 0.0000E+00 -0.1300E-01 -0.2900E-01 -0.5400E-01 -0.8600E-01 -0.1290E+00 -0.2030E+00 -0.2730E+00 -0.2910E+00 -0.2910E+00 -0.2430E+00 -0.1710E+00 -0.1420E+00 -0.1310E+00 -0.1240E+00 -0.1540E+00 -0.1820E+00 -0.2590E+00 -0.3970E+00 -0.1169E+01 -0.2900E+00 -0.1000E+00 -0.4800E-01 -0.1700E-01 0.0000E+00 0.0000E+00 0.0000E+00 0.0000E+00 -0.9990E+03 -0.9990E+03 -0.9990E+03 -0.9990E+03 -0.9990E+03 -0.9990E+03 -0.9990E+03 -0.9990E+03 -0.9990E+03 -0.9990E+03 -0.9990E+03 -0.9990E+03 -0.9990E+03 -0.9990E+03 -0.9990E+03 -0.9990E+03 -0.9990E+03 -0.9990E+03 -0.9990E+03 -0.9990E+03 -0.9990E+03 -0.9990E+03 -0.9990E+03
