datasets/rivm/o3/rwc_o3_BBR2020_1802.asc
NCOLS          280
NROWS          320
XLLCORNER            0
YLLCORNER       300000
CELLSIZE         1000
NODATA_VALUE  -0.9990E+03
[rows 192 to 215 of 320, columns 165 to 219 of 280]
0.0000E+00 0.0000E+00 0.0000E+00 0.0000E+00 0.0000E+00 0.0000E+00 -0.9000E-02 -0.1000E+00 -0.2220E+00 -0.5290E+00 -0.2199E+01 -0.8150E+00 -0.5250E+00 -0.4630E+00 -0.4320E+00 -0.6030E+00 -0.1746E+01 -0.3740E+00 -0.1290E+00 -0.6600E-01 -0.1800E-01 0.0000E+00 0.0000E+00 0.0000E+00 0.0000E+00 0.0000E+00 0.0000E+00 0.0000E+00 0.0000E+00 0.0000E+00 0.0000E+00 0.0000E+00 0.0000E+00 0.0000E+00 -0.9990E+03 -0.9990E+03 -0.9990E+03 -0.9990E+03 -0.9990E+03 -0.9990E+03 -0.9990E+03 -0.9990E+03 -0.9990E+03 -0.9990E+03 -0.9990E+03 -0.9990E+03 -0.9990E+03 -0.9990E+03 -0.9990E+03 -0.9990E+03 -0.9990E+03 -0.9990E+03 -0.9990E+03 -0.9990E+03 -0.9990E+03
0.0000E+00 0.0000E+00 0.0000E+00 0.0000E+00 0.0000E+00 0.0000E+00 -0.3400E-01 -0.1480E+00 -0.2900E+00 -0.6080E+00 -0.2202E+01 -0.6010E+00 -0.3300E+00 -0.2270E+00 -0.2300E+00 -0.2720E+00 -0.1432E+01 -0.2990E+00 -0.1500E+00 -0.9200E-01 -0.3900E-01 -0.1000E-01 0.0000E+00 0.0000E+00 0.0000E+00 0.0000E+00 0.0000E+00 0.0000E+00 0.0000E+00 0.0000E+00 -0.9990E+03 -0.9990E+03 -0.9990E+03 -0.9990E+03 -0.9990E+03 -0.9990E+03 -0.9990E+03 -0.9990E+03 -0.9990E+03 -0.9990E+03 -0.9990E+03 -0.9990E+03 -0.9990E+03 -0.9990E+03 -0.9990E+03 -0.9990E+03 -0.9990E+03 -0.9990E+03 -0.9990E+03 -0.9990E+03 -0.9990E+03 -0.9990E+03 -0.9990E+03 -0.9990E+03 -0.9990E+03
0.0000E+00 0.0000E+00 0.0000E+00 0.0000E+00 0.0000E+00 -0.2000E-01 -0.7900E-01 -0.2180E+00 -0.3770E+00 -0.6890E+00 -0.1886E+01 -0.5140E+00 -0.1370E+00 -0.1010E+00 -0.1190E+00 -0.2220E+00 -0.1689E+01 -0.7090E+00 -0.2490E+00 -0.1640E+00 -0.7800E-01 -0.3600E-01 -0.1500E-01 -0.1000E-02 0.0000E+00 0.0000E+00 0.0000E+00 0.0000E+00 0.0000E+00 0.0000E+00 -0.9990E+03 -0.9990E+03 -0.9990E+03 -0.9990E+03 -0.9990E+03 -0.9990E+03 -0.9990E+03 -0.9990E+03 -0.9990E+03 -0.9990E+03 -0.9990E+03 -0.9990E+03 -0.9990E+03 -0.9990E+03 -0.9990E+03 -0.9990E+03 -0.9990E+03 -0.9990E+03 -0.9990E+03 -0.9990E+03 -0.9990E+03 -0.9990E+03 -0.9990E+03 -0.9990E+03 -0.9990E+03
0.0000E+00 0.0000E+00 0.0000E+00 0.0000E+00 -0.2900E-01 -0.6800E-01 -0.1600E+00 -0.3280E+00 -0.5650E+00 -0.1605E+01 -0.1756E+01 -0.3420E+00 -0.8600E-01 -0.6000E-01 -0.7300E-01 -0.1520E+00 -0.5390E+00 -0.2232E+01 -0.3920E+00 -0.2320E+00 -0.1230E+00 -0.9300E-01 -0.5000E-01 -0.2200E-01 0.0000E+00 0.0000E+00 0.0000E+00 0.0000E+00 0.0000E+00 0.0000E+00 0.0000E+00 -0.9990E+03 -0.9990E+03 -0.9990E+03 -0.9990E+03 -0.9990E+03 -0.9990E+03 -0.9990E+03 -0.9990E+03 -0.9990E+03 -0.9990E+03 -0.9990E+03 -0.9990E+03 -0.9990E+03 -0.9990E+03 -0.9990E+03 -0.9990E+03 -0.9990E+03 -0.9990E+03 -0.9990E+03 -0.9990E+03 -0.9990E+03 -0.9990E+03 -0.9990E+03 -0.9990E+03
0.0000E+00 0.0000E+00 0.0000E+00 -0.1500E-01 -0.6400E-01 -0.1290E+00 -0.2270E+00 -0.4410E+00 -0.8310E+00 -0.2976E+01 -0.6920E+00 -0.2470E+00 -0.7100E-01 -0.3900E-01 -0.8500E-01 -0.1260E+00 -0.3810E+00 -0.1431E+01 -0.1736E+01 -0.4680E+00 -0.4170E+00 -0.2250E+00 -0.1020E+00 -0.5200E-01 -0.1400E-01 0.0000E+00 0.0000E+00 0.0000E+00 0.0000E+00 0.0000E+00 0.0000E+00 -0.9990E+03 -0.9990E+03 -0.9990E+03 -0.9990E+03 -0.9990E+03 -0.9990E+03 -0.9990E+03 -0.9990E+03 -0.9990E+03 -0.9990E+03 -0.9990E+03 -0.9990E+03 -0.9990E+03 -0.9990E+03 -0.9990E+03 -0.9990E+03 -0.9990E+03 -0.9990E+03 -0.9990E+03 -0.9990E+03 -0.9990E+03 -0.9990E+03 -0.9990E+03 -0.9990E+03
0.0000E+00 0.0000E+00 0.0000E+00 -0.4500E-01 -0.1150E+00 -0.2220E+00 -0.4490E+00 -0.5840E+00 -0.2370E+01 -0.1236E+01 -0.4050E+00 -0.1860E+00 -0.9000E-01 -0.2900E-01 -0.4700E-01 -0.1140E+00 -0.2250E+00 -0.4520E+00 -0.1625E+01 -0.2966E+01 -0.9450E+00 -0.2880E+00 -0.1360E+00 -0.8100E-01 -0.3300E-01 0.0000E+00 0.0000E+00 0.0000E+00 0.0000E+00 0.0000E+00 0.0000E+00 -0.9990E+03 -0.9990E+03 -0.9990E+03 -0.9990E+03 -0.9990E+03 -0.9990E+03 -0.9990E+03 -0.9990E+03 -0.9990E+03 -0.9990E+03 -0.9990E+03 -0.9990E+03 -0.9990E+03 -0.9990E+03 -0.9990E+03 -0.9990E+03 -0.9990E+03 -0.9990E+03 -0.9990E+03 -0.9990E+03 -0.9990E+03 -0.9990E+03 -0.9990E+03 -0.9990E+03
0.0000E+00 0.0000E+00 -0.2000E-02 -0.7500E-01 -0.1790E+00 -0.3670E+00 -0.8220E+00 -0.2946E+01 -0.1004E+01 -0.4380E+00 -0.2290E+00 -0.1110E+00 -0.4700E-01 -0.9000E-02 -0.2600E-01 -0.6800E-01 -0.1430E+00 -0.2610E+00 -0.4280E+00 -0.7660E+00 -0.3088E+01 -0.5560E+00 -0.1790E+00 -0.1090E+00 -0.6200E-01 0.0000E+00 0.0000E+00 0.0000E+00 0.0000E+00 0.0000E+00 0.0000E+00 0.0000E+00 -0.9990E+03 -0.9990E+03 -0.9990E+03 -0.9990E+03 -0.9990E+03 -0.9990E+03 -0.9990E+03 -0.9990E+03 -0.9990E+03 -0.9990E+03 -0.9990E+03 -0.9990E+03 -0.9990E+03 -0.9990E+03 -0.9990E+03 -0.9990E+03 -0.9990E+03 -0.9990E+03 -0.9990E+03 -0.9990E+03 -0.9990E+03 -0.9990E+03 -0.9990E+03
-0.3000E-02 -0.1500E-01 -0.2900E-01 -0.9400E-01 -0.2960E+00 -0.6040E+00 -0.2310E+01 -0.8300E+00 -0.4870E+00 -0.2540E+00 -0.1310E+00 -0.6100E-01 -0.2700E-01 0.0000E+00 -0.7000E-02 -0.3200E-01 -0.7500E-01 -0.1610E+00 -0.3020E+00 -0.4700E+00 -0.8170E+00 -0.1941E+01 -0.2810E+00 -0.1490E+00 -0.7500E-01 0.0000E+00 0.0000E+00 0.0000E+00 0.0000E+00 0.0000E+00 0.0000E+00 0.0000E+00 -0.9990E+03 -0.9990E+03 -0.9990E+03 -0.9990E+03 -0.9990E+03 -0.9990E+03 -0.9990E+03 -0.9990E+03 -0.9990E+03 -0.9990E+03 -0.9990E+03 -0.9990E+03 -0.9990E+03 -0.9990E+03 -0.9990E+03 -0.9990E+03 -0.9990E+03 -0.9990E+03 -0.9990E+03 -0.9990E+03 -0.9990E+03 -0.9990E+03 -0.9990E+03
-0.7900E-01 -0.8800E-01 -0.1120E+00 -0.2200E+00 -0.3970E+00 -0.5750E+00 -0.2616E+01 -0.6960E+00 -0.3300E+00 -0.1790E+00 -0.6600E-01 -0.2500E-01 -0.4000E-02 0.0000E+00 0.0000E+00 -0.9000E-02 -0.3800E-01 -0.5800E-01 -0.2360E+00 -0.3470E+00 -0.6060E+00 -0.2056E+01 -0.5870E+00 -0.1450E+00 -0.8800E-01 0.0000E+00 0.0000E+00 0.0000E+00 0.0000E+00 0.0000E+00 0.0000E+00 0.0000E+00 -0.9990E+03 -0.9990E+03 -0.9990E+03 -0.9990E+03 -0.9990E+03 -0.9990E+03 -0.9990E+03 -0.9990E+03 -0.9990E+03 -0.9990E+03 -0.9990E+03 -0.9990E+03 -0.9990E+03 -0.9990E+03 -0.9990E+03 -0.9990E+03 -0.9990E+03 -0.9990E+03 -0.9990E+03 -0.9990E+03 -0.9990E+03 -0.9990E+03 -0.9990E+03
-0.1320E+00 -0.1570E+00 -0.2460E+00 -0.3740E+00 -0.5550E+00 -0.1200E+01 -0.2494E+01 -0.5150E+00 -0.2180E+00 -0.1110E+00 -0.2600E-01 -0.2000E-02 0.0000E+00 0.0000E+00 0.0000E+00 0.0000E+00 0.0000E+00 -0.2900E-01 -0.1780E+00 -0.3120E+00 -0.6090E+00 -0.2196E+01 -0.4670E+00 -0.2590E+00 -0.9900E-01 -0.1900E-01 0.0000E+00 0.0000E+00 0.0000E+00 0.0000E+00 0.0000E+00 -0.9990E+03 -0.9990E+03 -0.9990E+03 -0.9990E+03 -0.9990E+03 -0.9990E+03 -0.9990E+03 -0.9990E+03 -0.9990E+03 -0.9990E+03 -0.9990E+03 -0.9990E+03 -0.9990E+03 -0.9990E+03 -0.9990E+03 -0.9990E+03 -0.9990E+03 -0.9990E+03 -0.9990E+03 -0.9990E+03 -0.9990E+03 -0.9990E+03 -0.9990E+03 -0.9990E+03
-0.3430E+00 -0.5360E+00 -0.5210E+00 -0.1207E+01 -0.2668E+01 -0.2519E+01 -0.3500E+00 -0.1620E+00 -0.1290E+00 -0.6100E-01 -0.1000E-02 0.0000E+00 0.0000E+00 0.0000E+00 0.0000E+00 0.0000E+00 0.0000E+00 -0.2000E-02 -0.1520E+00 -0.2880E+00 -0.6230E+00 -0.2388E+01 -0.6060E+00 -0.2950E+00 -0.1780E+00 -0.5000E-01 -0.1400E-01 0.0000E+00 0.0000E+00 0.0000E+00 -0.9990E+03 -0.9990E+03 -0.9990E+03 -0.9990E+03 -0.9990E+03 -0.9990E+03 -0.9990E+03 -0.9990E+03 -0.9990E+03 -0.9990E+03 -0.9990E+03 -0.9990E+03 -0.9990E+03 -0.9990E+03 -0.9990E+03 -0.9990E+03 -0.9990E+03 -0.9990E+03 -0.9990E+03 -0.9990E+03 -0.9990E+03 -0.9990E+03 -0.9990E+03 -0.9990E+03 -0.9990E+03
-0.1445E+01 -0.2054E+01 -0.1687E+01 -0.2607E+01 -0.7550E+00 -0.4850E+00 -0.2190E+00 -0.9300E-01 -0.6700E-01 -0.2900E-01 0.0000E+00 0.0000E+00 0.0000E+00 0.0000E+00 0.0000E+00 0.0000E+00 0.0000E+00 0.0000E+00 -0.1150E+00 -0.2430E+00 -0.5810E+00 -0.2388E+01 -0.4710E+00 -0.2150E+00 -0.2370E+00 -0.9700E-01 -0.3900E-01 0.0000E+00 0.0000E+00 0.0000E+00 0.0000E+00 0.0000E+00 0.0000E+00 0.0000E+00 -0.9990E+03 -0.9990E+03 -0.9990E+03 -0.9990E+03 -0.9990E+03 -0.9990E+03 -0.9990E+03 -0.9990E+03 -0.9990E+03 -0.9990E+03 -0.9990E+03 -0.9990E+03 -0.9990E+03 -0.9990E+03 -0.9990E+03 -0.9990E+03 -0.9990E+03 -0.9990E+03 -0.9990E+03 -0.9990E+03 -0.9990E+03
-0.2840E+00 -0.5280E+00 -0.1998E+01 -0.7210E+00 -0.3080E+00 -0.2720E+00 -0.1040E+00 -0.7500E-01 -0.3800E-01 -0.1000E-01 0.0000E+00 0.0000E+00 0.0000E+00 0.0000E+00 0.0000E+00 0.0000E+00 0.0000E+00 0.0000E+00 -0.8900E-01 -0.1540E+00 -0.2570E+00 -0.9240E+00 -0.2180E+01 -0.3380E+00 -0.2290E+00 -0.1630E+00 -0.7100E-01 -0.2100E-01 0.0000E+00 0.0000E+00 0.0000E+00 0.0000E+00 0.0000E+00 0.0000E+00 0.0000E+00 -0.9990E+03 -0.9990E+03 -0.9990E+03 -0.9990E+03 -0.9990E+03 -0.9990E+03 -0.9990E+03 -0.9990E+03 -0.9990E+03 -0.9990E+03 -0.9990E+03 -0.9990E+03 -0.9990E+03 -0.9990E+03 -0.9990E+03 -0.9990E+03 -0.9990E+03 -0.9990E+03 -0.9990E+03 -0.9990E+03
-0.2850E+00 -0.4450E+00 -0.1725E+01 -0.5120E+00 -0.2900E+00 -0.1910E+00 -0.6700E-01 -0.3300E-01 -0.1600E-01 0.0000E+00 0.0000E+00 0.0000E+00 0.0000E+00 0.0000E+00 0.0000E+00 0.0000E+00 0.0000E+00 0.0000E+00 -0.5700E-01 -0.1140E+00 -0.2180E+00 -0.3910E+00 -0.7110E+00 -0.1591E+01 -0.2870E+00 -0.2340E+00 -0.1320E+00 -0.5000E-01 0.0000E+00 0.0000E+00 0.0000E+00 0.0000E+00 0.0000E+00 0.0000E+00 0.0000E+00 0.0000E+00 -0.9990E+03 -0.9990E+03 -0.9990E+03 -0.9990E+03 -0.9990E+03 -0.9990E+03 -0.9990E+03 -0.9990E+03 -0.9990E+03 -0.9990E+03 -0.9990E+03 -0.9990E+03 -0.9990E+03 -0.9990E+03 -0.9990E+03 -0.9990E+03 -0.9990E+03 -0.9990E+03 -0.9990E+03
-0.2260E+00 -0.3290E+00 -0.1366E+01 -0.4540E+00 -0.2720E+00 -0.1820E+00 -0.5700E-01 -0.1100E-01 0.0000E+00 0.0000E+00 0.0000E+00 0.0000E+00 0.0000E+00 0.0000E+00 0.0000E+00 0.0000E+00 0.0000E+00 0.0000E+00 -0.2800E-01 -0.5800E-01 -0.1270E+00 -0.2660E+00 -0.4900E+00 -0.2247E+01 -0.5900E+00 -0.3630E+00 -0.1940E+00 -0.9300E-01 -0.1300E-01 0.0000E+00 0.0000E+00 0.0000E+00 0.0000E+00 0.0000E+00 0.0000E+00 -0.9990E+03 -0.9990E+03 -0.9990E+03 -0.9990E+03 -0.9990E+03 -0.9990E+03 -0.9990E+03 -0.9990E+03 -0.9990E+03 -0.9990E+03 -0.9990E+03 -0.9990E+03 -0.9990E+03 -0.9990E+03 -0.9990E+03 -0.9990E+03 -0.9990E+03 -0.9990E+03 -0.9990E+03 -0.9990E+03
-0.1100E+00 -0.1870E+00 -0.7610E+00 -0.1287E+01 -0.3730E+00 -0.1970E+00 -0.1000E+00 -0.3200E-01 0.0000E+00 0.0000E+00 0.0000E+00 0.0000E+00 0.0000E+00 0.0000E+00 0.0000E+00 0.0000E+00 0.0000E+00 0.0000E+00 -0.4000E-02 -0.2600E-01 -0.8400E-01 -0.2010E+00 -0.3930E+00 -0.1234E+01 -0.2018E+01 -0.5520E+00 -0.2730E+00 -0.8100E-01 -0.4400E-01 -0.4000E-02 -0.6000E-02 -0.1200E-01 -0.2500E-01 -0.2900E-01 -0.2200E-01 -0.9990E+03 -0.9990E+03 -0.9990E+03 -0.9990E+03 -0.9990E+03 -0.9990E+03 -0.9990E+03 -0.9990E+03 -0.9990E+03 -0.9990E+03 -0.9990E+03 -0.9990E+03 -0.9990E+03 -0.9990E+03 -0.9990E+03 -0.9990E+03 -0.9990E+03 -0.9990E+03 -0.9990E+03 -0.9990E+03
-0.8100E-01 -0.1800E+00 -0.3990E+00 -0.1976E+01 -0.4750E+00 -0.2730E+00 -0.9600E-01 -0.4300E-01 0.0000E+00 0.0000E+00 0.0000E+00 0.0000E+00 0.0000E+00 0.0000E+00 0.0000E+00 0.0000E+00 0.0000E+00 0.0000E+00 0.0000E+00 -0.2000E-02 -0.4800E-01 -0.1440E+00 -0.1680E+00 -0.5230E+00 -0.2306E+01 -0.6560E+00 -0.4210E+00 -0.2440E+00 -0.1360E+00 -0.7500E-01 -0.4100E-01 -0.4500E-01 -0.5400E-01 -0.7000E-01 -0.6000E-01 -0.9990E+03 -0.9990E+03 -0.9990E+03 -0.9990E+03 -0.9990E+03 -0.9990E+03 -0.9990E+03 -0.9990E+03 -0.9990E+03 -0.9990E+03 -0.9990E+03 -0.9990E+03 -0.9990E+03 -0.9990E+03 -0.9990E+03 -0.9990E+03 -0.9990E+03 -0.9990E+03 -0.9990E+03 -0.9990E+03
-0.6000E-01 -0.1550E+00 -0.3130E+00 -0.1103E+01 -0.1476E+01 -0.3810E+00 -0.1660E+00 -0.5300E-01 0.0000E+00 0.0000E+00 0.0000E+00 0.0000E+00 0.0000E+00 0.0000E+00 0.0000E+00 0.0000E+00 0.0000E+00 0.0000E+00 0.0000E+00 0.0000E+00 -0.2700E-01 -0.1000E+00 -0.2190E+00 -0.4690E+00 -0.1598E+01 -0.1637E+01 -0.5960E+00 -0.3550E+00 -0.2330E+00 -0.1550E+00 -0.1070E+00 -0.9000E-01 -0.1160E+00 -0.1660E+00 -0.1340E+00 -0.9990E+03 -0.9990E+03 -0.9990E+03 -0.9990E+03 -0.9990E+03 -0.9990E+03 -0.9990E+03 -0.9990E+03 -0.9990E+03 -0.9990E+03 -0.9990E+03 -0.9990E+03 -0.9990E+03 -0.9990E+03 -0.9990E+03 -0.9990E+03 -0.9990E+03 -0.9990E+03 -0.9990E+03 -0.9990E+03
-0.4900E-01 -0.1590E+00 -0.2610E+00 -0.5000E+00 -0.1867E+01 -0.3140E+00 -0.1320E+00 -0.5500E-01 0.0000E+00 0.0000E+00 0.0000E+00 0.0000E+00 0.0000E+00 0.0000E+00 0.0000E+00 0.0000E+00 0.0000E+00 0.0000E+00 0.0000E+00 0.0000E+00 -0.6000E-02 -0.6600E-01 -0.1780E+00 -0.3450E+00 -0.6660E+00 -0.2506E+01 -0.7960E+00 -0.4900E+00 -0.3210E+00 -0.3340E+00 -0.2230E+00 -0.2430E+00 -0.7610E+00 -0.7030E+00 -0.5240E+00 -0.7400E-01 -0.2300E-01 -0.9990E+03 -0.9990E+03 -0.9990E+03 -0.9990E+03 -0.9990E+03 -0.9990E+03 -0.9990E+03 -0.9990E+03 -0.9990E+03 -0.9990E+03 -0.9990E+03 -0.9990E+03 -0.9990E+03 -0.9990E+03 -0.9990E+03 -0.9990E+03 -0.9990E+03 -0.9990E+03
-0.9400E-01 -0.2020E+00 -0.3040E+00 -0.5480E+00 -0.1814E+01 -0.2350E+00 -0.1070E+00 -0.5200E-01 0.0000E+00 0.0000E+00 0.0000E+00 0.0000E+00 0.0000E+00 0.0000E+00 0.0000E+00 0.0000E+00 0.0000E+00 0.0000E+00 0.0000E+00 0.0000E+00 0.0000E+00 -0.3300E-01 -0.1300E+00 -0.2600E+00 -0.5240E+00 -0.2600E+01 -0.1464E+01 -0.1260E+01 -0.1074E+01 -0.1076E+01 -0.1081E+01 -0.7750E+00 -0.1880E+00 -0.1220E+00 -0.8300E-01 -0.3800E-01 -0.1700E-01 -0.6000E-02 0.0000E+00 0.0000E+00 -0.9990E+03 -0.9990E+03 -0.9990E+03 -0.9990E+03 -0.9990E+03 -0.9990E+03 -0.9990E+03 -0.9990E+03 -0.9990E+03 -0.9990E+03 -0.9990E+03 -0.9990E+03 -0.9990E+03 -0.9990E+03 -0.9990E+03
-0.1940E+00 -0.2050E+00 -0.4110E+00 -0.6450E+00 -0.1702E+01 -0.2130E+00 -0.9500E-01 -0.4400E-01 0.0000E+00 0.0000E+00 0.0000E+00 0.0000E+00 0.0000E+00 0.0000E+00 0.0000E+00 0.0000E+00 0.0000E+00 0.0000E+00 0.0000E+00 0.0000E+00 0.0000E+00 -0.1000E-01 -0.8800E-01 -0.1970E+00 -0.2330E+00 -0.8940E+00 -0.2102E+01 -0.4630E+00 -0.2090E+00 -0.2790E+00 -0.2170E+00 -0.1390E+00 -0.7100E-01 -0.3700E-01 -0.2200E-01 -0.1400E-01 -0.1100E-01 -0.4000E-02 0.0000E+00 0.0000E+00 0.0000E+00 -0.9990E+03 -0.9990E+03 -0.9990E+03 -0.9990E+03 -0.9990E+03 -0.9990E+03 -0.9990E+03 -0.9990E+03 -0.9990E+03 -0.9990E+03 -0.9990E+03 -0.9990E+03 -0.9990E+03 -0.9990E+03
-0.3670E+00 -0.5310E+00 -0.6630E+00 -0.1449E+01 -0.1738E+01 -0.1990E+00 -0.7200E-01 -0.4200E-01 0.0000E+00 0.0000E+00 0.0000E+00 0.0000E+00 0.0000E+00 0.0000E+00 0.0000E+00 0.0000E+00 0.0000E+00 0.0000E+00 0.0000E+00 0.0000E+00 0.0000E+00 0.0000E+00 -0.5100E-01 -0.1360E+00 -0.2640E+00 -0.4520E+00 -0.2147E+01 -0.3870E+00 -0.1880E+00 -0.1270E+00 -0.1390E+00 -0.7100E-01 -0.4300E-01 -0.3100E-01 -0.1600E-01 -0.7000E-02 -0.6000E-02 -0.3000E-02 0.0000E+00 0.0000E+00 0.0000E+00 -0.9990E+03 -0.9990E+03 -0.9990E+03 -0.9990E+03 -0.9990E+03 -0.9990E+03 -0.9990E+03 -0.9990E+03 -0.9990E+03 -0.9990E+03 -0.9990E+03 -0.9990E+03 -0.9990E+03 -0.9990E+03
-0.1029E+01 -0.1832E+01 -0.1812E+01 -0.1413E+01 -0.4100E+00 -0.1860E+00 -0.8700E-01 -0.4400E-01 0.0000E+00 0.0000E+00 0.0000E+00 0.0000E+00 0.0000E+00 0.0000E+00 0.0000E+00 0.0000E+00 0.0000E+00 0.0000E+00 0.0000E+00 0.0000E+00 0.0000E+00 0.0000E+00 -0.2400E-01 -0.8000E-01 -0.1880E+00 -0.3480E+00 -0.7980E+00 -0.1370E+01 -0.2930E+00 -0.2090E+00 -0.1420E+00 -0.7200E-01 -0.2900E-01 -0.7000E-02 -0.4000E-02 0.0000E+00 0.0000E+00 0.0000E+00 0.0000E+00 0.0000E+00 -0.9990E+03 -0.9990E+03 -0.9990E+03 -0.9990E+03 -0.9990E+03 -0.9990E+03 -0.9990E+03 -0.9990E+03 -0.9990E+03 -0.9990E+03 -0.9990E+03 -0.9990E+03 -0.9990E+03 -0.9990E+03 -0.9990E+03
-0.1364E+01 -0.2570E+00 -0.2490E+00 -0.2610E+00 -0.1760E+00 -0.9900E-01 -0.5900E-01 -0.2500E-01 0.0000E+00 0.0000E+00 0.0000E+00 0.0000E+00 0.0000E+00 0.0000E+00 0.0000E+00 0.0000E+00 0.0000E+00 0.0000E+00 0.0000E+00 0.0000E+00 0.0000E+00 0.0000E+00 -0.2000E-02 -0.3100E-01 -0.6600E-01 -0.2050E+00 -0.4350E+00 -0.1953E+01 -0.5740E+00 -0.3320E+00 -0.2060E+00 -0.1080E+00 -0.5100E-01 -0.1600E-01 0.0000E+00 0.0000E+00 0.0000E+00 0.0000E+00 0.0000E+00 0.0000E+00 -0.9990E+03 -0.9990E+03 -0.9990E+03 -0.9990E+03 -0.9990E+03 -0.9990E+03 -0.9990E+03 -0.9990E+03 -0.9990E+03 -0.9990E+03 -0.9990E+03 -0.9990E+03 -0.9990E+03 -0.9990E+03 -0.9990E+03
